54.5333 0 13.0583
54.5536 0 13.2951
54.5693 0 13.5357
54.5802 0 13.7798
54.5862 0 14.0272
54.5871 0 14.2776
54.5826 0 14.5307
54.5728 0 14.7862
54.5572 0 15.044
54.5359 0 15.3036
54.5086 0 15.5649
54.4751 0 15.8275
54.4353 0 16.0912
54.3889 0 16.3558
54.3359 0 16.6208
54.276 0 16.8861
54.209 0 17.1514
54.1349 0 17.4164
54.0533 0 17.6808
53.9642 0 17.9444
53.8673 0 18.2069
53.7626 0 18.468
53.6497 0 18.7275
53.5285 0 18.985
53.3989 0 19.2403
53.2607 0 19.4931
53.1137 0 19.7432
52.9577 0 19.9902
52.7925 0 20.2339
52.6181 0 20.4741
52.4341 0 20.7104
52.2404 0 20.9425
52.037 0 21.1703
51.8234 0 21.3934
51.75 0 21.4667
51.5229 0 21.6832
51.286 0 21.8946
51.0394 0 22.1011
50.7837 0 22.3027
50.5192 0 22.4994
50.2462 0 22.6913
49.965 0 22.8783
49.6761 0 23.0605
49.3798 0 23.238
49.0764 0 23.4107
48.7663 0 23.5788
48.4499 0 23.7423
48.1275 0 23.9011
47.7995 0 24.0554
47.4662 0 24.2052
47.128 0 24.3504
46.7853 0 24.4912
46.4383 0 24.6276
46.0875 0 24.7596
45.7332 0 24.8873
45.3758 0 25.0106
45.0156 0 25.1297
44.653 0 25.2445
44.2883 0 25.3551
43.9219 0 25.4616
43.5541 0 25.5639
43.1854 0 25.6622
42.816 0 25.7563
42.4464 0 25.8465
42.0768 0 25.9327
41.7077 0 26.0149
41.3393 0 26.0933
40.9721 0 26.1677
40.85 0 26.1917
40.4848 0 26.261
40.1214 0 26.3265
39.7598 0 26.3881
39.4002 0 26.4459
39.0427 0 26.4998
38.6873 0 26.5497
38.3343 0 26.5958
37.9837 0 26.6379
37.6357 0 26.676
37.2903 0 26.7102
36.9478 0 26.7404
36.6081 0 26.7666
36.2714 0 26.7888
35.9379 0 26.8069
35.6076 0 26.821
35.2806 0 26.831
34.9572 0 26.8369
34.6373 0 26.8388
34.3211 0 26.8365
34.0088 0 26.8301
33.7004 0 26.8195
33.3961 0 26.8048
33.0959 0 26.7859
32.8001 0 26.7627
32.5086 0 26.7354
32.2217 0 26.7039
31.9394 0 26.6681
31.6618 0 26.628
31.3891 0 26.5837
31.1215 0 26.535
30.8589 0 26.4821
30.6015 0 26.4248
30.3495 0 26.3632
30.2667 0 26.3417
30.0219 0 26.2743
29.7829 0 26.2027
29.5499 0 26.127
29.3229 0 26.0476
29.1024 0 25.9644
28.8885 0 25.8778
28.6813 0 25.7878
28.4812 0 25.6946
28.2884 0 25.5985
28.1031 0 25.4995
27.9254 0 25.3979
27.7557 0 25.2938
27.5941 0 25.1874
27.4409 0 25.0788
27.2963 0 24.9683
27.1605 0 24.856
27.0338 0 24.7421
26.9162 0 24.6267
26.8082 0 24.51
26.7099 0 24.3923
26.6214 0 24.2736
26.5432 0 24.1541
26.4752 0 24.034
26.4179 0 23.9136
26.3714 0 23.7928
26.3358 0 23.672
26.3116 0 23.5513
26.2988 0 23.4309
26.2977 0 23.3109
26.3085 0 23.1914
26.3314 0 23.0728
26.3667 0 22.9551
26.4145 0 22.8386
26.4333 0 22.8
26.4982 0 22.6852
26.5755 0 22.5717
26.6649 0 22.4595
26.766 0 22.3485
26.8784 0 22.2388
27.0016 0 22.1303
27.1352 0 22.023
27.279 0 21.9169
27.4324 0 21.8119
27.595 0 21.708
27.7665 0 21.6052
27.9465 0 21.5034
28.1345 0 21.4027
28.3302 0 21.303
28.5332 0 21.2042
28.743 0 21.1064
28.9592 0 21.0095
29.1815 0 20.9135
29.4095 0 20.8183
29.6427 0 20.724
29.8808 0 20.6305
30.1233 0 20.5378
30.3699 0 20.4458
30.6201 0 20.3546
30.8736 0 20.2641
31.1299 0 20.1742
31.3886 0 20.085
31.6494 0 19.9964
31.9119 0 19.9084
32.1756 0 19.821
32.4401 0 19.7341
32.705 0 19.6477
32.9701 0 19.5619
33.0583 0 19.5333
33.3228 0 19.4481
33.5866 0 19.3632
33.8495 0 19.2787
34.1114 0 19.1945
34.372 0 19.1105
34.6312 0 19.0268
34.8888 0 18.9433
35.1446 0 18.8599
35.3984 0 18.7766
35.65 0 18.6934
35.8993 0 18.6102
36.146 0 18.5269
36.39 0 18.4435
36.6311 0 18.3601
36.8691 0 18.2764
37.1038 0 18.1925
37.335 0 18.1084
37.5626 0 18.0239
37.7863 0 17.9391
38.0059 0 17.8539
38.2214 0 17.7683
38.4324 0 17.6822
38.6389 0 17.5955
38.8405 0 17.5083
39.0372 0 17.4204
39.2288 0 17.3319
39.415 0 17.2427
39.5957 0 17.1527
39.7707 0 17.062
39.9397 0 16.9704
40.1027 0 16.8779
40.2594 0 16.7844
40.4097 0 16.69
40.4583 0 16.6583
40.5997 0 16.5626
40.7345 0 16.4658
40.8626 0 16.3682
40.9842 0 16.2697
41.0993 0 16.1704
41.208 0 16.0703
41.3102 0 15.9696
41.4062 0 15.8683
41.4958 0 15.7664
41.5791 0 15.664
41.6563 0 15.5611
41.7273 0 15.4579
41.7923 0 15.3544
41.8512 0 15.2506
41.9041 0 15.1466
41.9511 0 15.0424
41.9922 0 14.9382
42.0275 0 14.8339
42.057 0 14.7297
42.0807 0 14.6255
42.0988 0 14.5216
42.1113 0 14.4178
42.1181 0 14.3143
42.1195 0 14.2111
42.1154 0 14.1083
42.1058 0 14.006
42.0909 0 13.9042
42.0707 0 13.8029
42.0452 0 13.7023
42.0144 0 13.6024
41.9785 0 13.5032
41.9375 0 13.4048
41.8915 0 13.3073
41.875 0 13.275
41.8223 0 13.1787
41.7645 0 13.0835
41.7018 0 12.9893
41.6342 0 12.8962
41.5615 0 12.8043
41.484 0 12.7136
41.4015 0 12.6243
41.3141 0 12.5363
41.2218 0 12.4497
41.1245 0 12.3646
41.0224 0 12.2811
40.9155 0 12.1991
40.8036 0 12.1189
40.6869 0 12.0403
40.5654 0 11.9635
40.439 0 11.8885
40.3078 0 11.8154
40.1718 0 11.7443
40.031 0 11.6752
39.8854 0 11.6082
39.735 0 11.5433
39.5799 0 11.4806
39.42 0 11.4202
39.2553 0 11.362
39.0859 0 11.3063
38.9118 0 11.2529
38.733 0 11.2021
38.5495 0 11.1538
38.3613 0 11.1081
38.1684 0 11.0651
37.9708 0 11.0248
37.7685 0 10.9872
37.5617 0 10.9526
37.4917 0 10.9417
37.2786 0 10.9109
37.0612 0 10.883
36.8396 0 10.8579
36.6141 0 10.8357
36.3849 0 10.8162
36.1522 0 10.7996
35.9164 0 10.7856
35.6775 0 10.7743
35.4359 0 10.7656
35.1918 0 10.7596
34.9454 0 10.7561
34.697 0 10.7552
34.4468 0 10.7567
34.195 0 10.7608
33.9419 0 10.7672
33.6877 0 10.7761
33.4326 0 10.7873
33.1769 0 10.8009
32.9209 0 10.8168
32.6647 0 10.8349
32.4086 0 10.8552
32.1528 0 10.8777
31.8975 0 10.9024
31.6431 0 10.9292
31.3897 0 10.9581
31.1376 0 10.989
30.887 0 11.0219
30.6381 0 11.0568
30.3912 0 11.0937
30.1465 0 11.1325
29.9043 0 11.1731
29.6648 0 11.2156
29.4282 0 11.2598
29.35 0 11.275
29.1176 0 11.3216
28.8884 0 11.3701
28.6622 0 11.4205
28.4389 0 11.4728
28.2186 0 11.5272
28.001 0 11.5838
27.7861 0 11.6425
27.5737 0 11.7035
27.3639 0 11.7668
27.1565 0 11.8326
26.9514 0 11.9009
26.7485 0 11.9717
26.5477 0 12.0452
26.3489 0 12.1214
26.1521 0 12.2005
25.9571 0 12.2823
25.7639 0 12.3671
25.5723 0 12.455
25.3823 0 12.5459
25.1938 0 12.64
25.0066 0 12.7373
24.8208 0 12.838
24.6361 0 12.942
24.4525 0 13.0495
24.2699 0 13.1605
24.0883 0 13.2752
23.9074 0 13.3935
23.7273 0 13.5156
23.5478 0 13.6415
23.3688 0 13.7714
23.1903 0 13.9052
23.0122 0 14.0431
22.8343 0 14.1851
22.775 0 14.2333
22.5973 0 14.3809
22.42 0 14.5326
22.2432 0 14.6881
22.0672 0 14.8473
21.892 0 15.01
21.7179 0 15.1761
21.5452 0 15.3453
21.3739 0 15.5175
21.2043 0 15.6925
21.0366 0 15.8701
20.871 0 16.0502
20.7077 0 16.2326
20.5468 0 16.417
20.3886 0 16.6034
20.2333 0 16.7915
20.081 0 16.9811
19.9319 0 17.1722
19.7863 0 17.3644
19.6443 0 17.5576
19.5062 0 17.7517
19.3721 0 17.9465
19.2422 0 18.1417
19.1167 0 18.3373
18.9958 0 18.533
18.8797 0 18.7286
18.7686 0 18.9241
18.6627 0 19.1191
18.5622 0 19.3135
18.4672 0 19.5072
18.3781 0 19.6999
18.2948 0 19.8916
18.2178 0 20.0819
18.1471 0 20.2707
18.125 0 20.3333
18.0631 0 20.52
18.0077 0 20.7049
17.9588 0 20.8881
17.9165 0 21.0697
17.8806 0 21.2495
17.8511 0 21.4276
17.8279 0 21.604
17.8111 0 21.7787
17.8006 0 21.9517
17.7963 0 22.1231
17.7982 0 22.2927
17.8062 0 22.4606
17.8204 0 22.6268
17.8406 0 22.7914
17.8669 0 22.9542
17.8992 0 23.1154
17.9373 0 23.2748
17.9815 0 23.4326
18.0314 0 23.5887
18.0872 0 23.7431
18.1488 0 23.8959
18.2161 0 24.0469
18.2891 0 24.1963
18.3677 0 24.344
18.452 0 24.49
18.5418 0 24.6343
18.6371 0 24.777
18.738 0 24.918
18.8442 0 25.0573
18.9559 0 25.1949
19.073 0 25.3309
19.1953 0 25.4652
19.323 0 25.5978
19.3667 0 25.6417
19.5013 0 25.7721
19.641 0 25.9008
19.786 0 26.0278
19.9359 0 26.1531
20.091 0 26.2766
20.251 0 26.3983
20.4159 0 26.5182
20.5858 0 26.6362
20.7605 0 26.7524
20.94 0 26.8666
21.1243 0 26.979
21.3133 0 27.0894
21.507 0 27.1978
21.7052 0 27.3043
21.9081 0 27.4087
22.1155 0 27.511
22.3274 0 27.6113
22.5437 0 27.7095
22.7644 0 27.8056
22.9895 0 27.8995
23.2188 0 27.9912
23.4524 0 28.0807
23.6903 0 28.168
23.9323 0 28.253
24.1784 0 28.3358
24.4286 0 28.4163
24.6828 0 28.4944
24.941 0 28.5701
25.2031 0 28.6435
25.4691 0 28.7145
25.739 0 28.783
26.0126 0 28.8491
26.29 0 28.9127
26.3833 0 28.9333
26.6656 0 28.9936
26.9515 0 29.0514
27.2407 0 29.1068
27.5331 0 29.1598
27.8285 0 29.2105
28.1268 0 29.2591
28.4277 0 29.3054
28.7312 0 29.3496
29.0371 0 29.3918
29.3452 0 29.432
29.6552 0 29.4703
29.9672 0 29.5066
30.2808 0 29.5411
30.596 0 29.5739
30.9126 0 29.605
31.2303 0 29.6344
31.5491 0 29.6622
31.8687 0 29.6885
32.1891 0 29.7133
32.5099 0 29.7367
32.8312 0 29.7588
33.1526 0 29.7795
33.4741 0 29.799
33.7955 0 29.8173
34.1165 0 29.8345
34.4371 0 29.8506
34.7571 0 29.8657
35.0763 0 29.8799
35.3945 0 29.8931
35.7116 0 29.9056
36.0274 0 29.9172
36.3418 0 29.9281
36.6545 0 29.9384
36.7583 0 29.9417
37.0686 0 29.9511
37.3769 0 29.9601
37.6831 0 29.9687
37.9869 0 29.977
38.2883 0 29.985
38.587 0 29.993
38.8829 0 30.0009
39.1759 0 30.0089
39.4658 0 30.017
39.7525 0 30.0254
40.0357 0 30.0342
40.3154 0 30.0434
40.5913 0 30.0531
40.8634 0 30.0634
41.1314 0 30.0745
41.3953 0 30.0864
41.6548 0 30.0992
41.9097 0 30.1129
42.16 0 30.1278
42.4055 0 30.1439
42.646 0 30.1612
42.8814 0 30.1799
43.1115 0 30.2001
43.3362 0 30.2218
43.5552 0 30.2452
43.7685 0 30.2703
43.9759 0 30.2973
44.1771 0 30.3262
44.3722 0 30.3571
44.5609 0 30.3901
44.743 0 30.4253
44.9184 0 30.4629
45.087 0 30.5028
45.1417 0 30.5167
45.3009 0 30.5599
45.4531 0 30.6055
45.5982 0 30.6535
45.7364 0 30.7036
45.8677 0 30.7557
45.992 0 30.8098
46.1094 0 30.8657
46.2199 0 30.9233
46.3236 0 30.9825
46.4204 0 31.0431
46.5105 0 31.1051
46.5938 0 31.1683
46.6703 0 31.2326
46.7401 0 31.2979
46.8033 0 31.3641
46.8598 0 31.431
46.9096 0 31.4986
46.9529 0 31.5667
46.9896 0 31.6353
47.0197 0 31.7041
47.0433 0 31.773
47.0604 0 31.8421
47.071 0 31.911
47.0752 0 31.9798
47.0729 0 32.0483
47.0643 0 32.1164
47.0493 0 32.1839
47.028 0 32.2508
47.0003 0 32.3169
46.9664 0 32.3821
46.9262 0 32.4464
46.8798 0 32.5095
46.8272 0 32.5713
46.8083 0 32.5917
46.7475 0 32.6517
46.6805 0 32.7104
46.6074 0 32.7677
46.5281 0 32.8235
46.4426 0 32.878
46.3511 0 32.9312
46.2534 0 32.9829
46.1495 0 33.0333
46.0396 0 33.0822
45.9235 0 33.1299
45.8013 0 33.1761
45.673 0 33.221
45.5386 0 33.2645
45.3981 0 33.3067
45.2516 0 33.3475
45.0989 0 33.387
44.9402 0 33.4251
44.7754 0 33.4618
44.6045 0 33.4972
44.4275 0 33.5313
44.2445 0 33.564
44.0555 0 33.5954
43.8604 0 33.6254
43.6593 0 33.6541
43.4521 0 33.6815
43.2389 0 33.7076
43.0197 0 33.7323
42.7944 0 33.7557
42.5632 0 33.7778
42.3259 0 33.7986
42.0826 0 33.818
41.8333 0 33.8362
41.5781 0 33.853
41.4917 0 33.8583
41.2285 0 33.8734
40.9596 0 33.8873
40.6853 0 33.8999
40.406 0 33.9113
40.1219 0 33.9216
39.8333 0 33.9309
39.5405 0 33.939
39.2438 0 33.9461
38.9436 0 33.9523
38.6401 0 33.9576
38.3336 0 33.9619
38.0245 0 33.9654
37.7129 0 33.9681
37.3993 0 33.9701
37.0839 0 33.9713
36.7671 0 33.9719
36.4491 0 33.9718
36.1302 0 33.9711
35.8108 0 33.9699
35.4911 0 33.9681
35.1714 0 33.9659
34.8521 0 33.9633
34.5334 0 33.9603
34.2156 0 33.9569
33.8991 0 33.9533
33.5841 0 33.9493
33.271 0 33.9452
32.96 0 33.9409
32.6515 0 33.9364
32.3456 0 33.9319
32.0429 0 33.9273
31.7435 0 33.9227
31.4477 0 33.9182
31.35 0 33.9167
31.0595 0 33.9122
30.7729 0 33.9078
30.49 0 33.9035
30.2106 0 33.8993
29.9347 0 33.8951
29.6619 0 33.8909
29.3922 0 33.8868
29.1254 0 33.8826
28.8613 0 33.8785
28.5998 0 33.8744
28.3407 0 33.8702
28.0838 0 33.866
27.8289 0 33.8618
27.576 0 33.8575
27.3247 0 33.8532
27.075 0 33.8488
26.8268 0 33.8443
26.5797 0 33.8397
26.3337 0 33.8351
26.0886 0 33.8303
25.8442 0 33.8253
25.6004 0 33.8203
25.357 0 33.8151
25.1138 0 33.8097
24.8707 0 33.8042
24.6275 0 33.7985
24.384 0 33.7925
24.1401 0 33.7864
23.8956 0 33.7801
23.6503 0 33.7736
23.4041 0 33.7668
23.1567 0 33.7598
22.9082 0 33.7525
22.825 0 33.75
22.5745 0 33.7424
22.3228 0 33.7345
22.07 0 33.7263
21.8162 0 33.7178
21.5619 0 33.7091
21.307 0 33.7
21.0518 0 33.6907
20.7965 0 33.6811
20.5414 0 33.6712
20.2866 0 33.661
20.0322 0 33.6506
19.7786 0 33.6398
19.5259 0 33.6287
19.2743 0 33.6173
19.0241 0 33.6056
18.7753 0 33.5936
18.5283 0 33.5813
18.2831 0 33.5686
18.0401 0 33.5557
17.7994 0 33.5424
17.5612 0 33.5288
17.3257 0 33.5149
17.0931 0 33.5006
16.8637 0 33.486
16.6375 0 33.4711
16.4149 0 33.4558
16.1959 0 33.4402
15.9809 0 33.4243
15.77 0 33.408
15.5634 0 33.3914
15.3613 0 33.3744
15.1639 0 33.357
14.9714 0 33.3393
14.9083 0 33.3333
14.7226 0 33.3151
14.542 0 33.2965
14.3661 0 33.2775
14.1949 0 33.2579
14.0283 0 33.2377
13.8659 0 33.2169
13.7077 0 33.1954
13.5535 0 33.1731
13.4032 0 33.15
13.2565 0 33.1261
13.1132 0 33.1013
12.9733 0 33.0755
12.8366 0 33.0486
12.7028 0 33.0207
12.5718 0 32.9917
12.4435 0 32.9615
12.3177 0 32.93
12.1942 0 32.8972
12.0728 0 32.8631
11.9533 0 32.8275
11.8357 0 32.7905
11.7197 0 32.752
11.6052 0 32.7119
11.4919 0 32.6701
11.3798 0 32.6267
11.2687 0 32.5815
11.1583 0 32.5345
11.0485 0 32.4857
10.9392 0 32.435
10.8302 0 32.3823
10.7213 0 32.3275
10.6123 0 32.2707
10.5031 0 32.2118
10.4667 0 32.1917
10.357 0 32.1298
10.2468 0 32.0657
10.1364 0 31.9994
10.0257 0 31.9309
9.91475 0 31.8601
9.80366 0 31.7871
9.69246 0 31.7118
9.58122 0 31.6342
9.47 0 31.5543
9.35884 0 31.4721
9.24782 0 31.3876
9.13698 0 31.3008
9.0264 0 31.2116
8.91612 0 31.1201
8.8062 0 31.0263
8.6967 0 30.9301
8.58768 0 30.8314
8.47919 0 30.7305
8.3713 0 30.6271
8.26407 0 30.5213
8.15754 0 30.413
8.05179 0 30.3024
7.94686 0 30.1893
7.84282 0 30.0737
7.73971 0 29.9557
7.63762 0 29.8352
7.53658 0 29.7123
7.43665 0 29.5868
7.33791 0 29.4588
7.24039 0 29.3283
7.14417 0 29.1953
7.0493 0 29.0597
6.95583 0 28.9216
6.925 0 28.875
6.8335 0 28.7335
6.74352 0 28.5895
6.65511 0 28.443
6.56831 0 28.2942
6.48316 0 28.143
6.39969 0 27.9896
6.31795 0 27.834
6.23798 0 27.6763
6.15981 0 27.5166
6.0835 0 27.3548
6.00908 0 27.1911
5.93658 0 27.0256
5.86606 0 26.8582
5.79755 0 26.6891
5.73109 0 26.5184
5.66673 0 26.346
5.6045 0 26.1721
5.54444 0 25.9966
5.48659 0 25.8198
5.431 0 25.6416
5.3777 0 25.4621
5.32674 0 25.2814
5.27816 0 25.0995
5.23199 0 24.9165
5.18828 0 24.7324
5.14707 0 24.5474
5.10839 0 24.3615
5.0723 0 24.1747
5.03882 0 23.9871
5.008 0 23.7988
4.97988 0 23.6098
4.9545 0 23.4202
4.93191 0 23.2301
4.925 0 23.1667
4.90617 0 22.9759
4.89017 0 22.7848
4.877 0 22.5933
4.86665 0 22.4016
4.85913 0 22.2095
4.85443 0 22.0172
4.85255 0 21.8248
4.85349 0 21.6322
4.85724 0 21.4395
4.8638 0 21.2468
4.87317 0 21.0541
4.88534 0 20.8615
4.90032 0 20.6689
4.9181 0 20.4766
4.93867 0 20.2844
4.96204 0 20.0924
4.9882 0 19.9007
5.01715 0 19.7094
5.04888 0 19.5184
5.0834 0 19.3279
5.1207 0 19.1378
5.16078 0 18.9482
5.20363 0 18.7592
5.24926 0 18.5708
5.29766 0 18.3831
5.34882 0 18.196
5.40275 0 18.0097
5.45944 0 17.8242
5.51889 0 17.6395
5.5811 0 17.4557
5.64606 0 17.2728
5.71377 0 17.0909
5.78424 0 16.9101
5.80833 0 16.85
5.88246 0 16.6705
5.95934 0 16.4922
6.03899 0 16.3148
6.12142 0 16.1386
6.20665 0 15.9634
6.29468 0 15.7892
6.38553 0 15.6161
6.47921 0 15.444
6.57573 0 15.2729
6.67511 0 15.1029
6.77735 0 14.9338
6.88247 0 14.7658
6.99048 0 14.5988
7.1014 0 14.4328
7.21523 0 14.2677
7.33199 0 14.1036
7.45168 0 13.9405
7.57433 0 13.7784
7.69994 0 13.6172
7.82853 0 13.457
7.96011 0 13.2977
8.09469 0 13.1394
8.23227 0 12.982
8.37289 0 12.8255
8.51654 0 12.6699
8.66323 0 12.5153
8.81299 0 12.3615
8.96582 0 12.2087
9.12174 0 12.0567
9.28076 0 11.9056
9.44288 0 11.7554
9.60813 0 11.6061
9.77651 0 11.4576
9.83333 0 11.4083
10.0059 0 11.261
10.1816 0 11.1146
10.3605 0 10.9691
10.5425 0 10.8247
10.7277 0 10.6812
10.9161 0 10.5389
11.1076 0 10.3977
11.3022 0 10.2576
11.5001 0 10.1188
11.7011 0 9.98123
11.9052 0 9.84499
12.1125 0 9.71011
12.323 0 9.57664
12.5367 0 9.44462
12.7535 0 9.31409
12.9735 0 9.18511
13.1966 0 9.05772
13.4229 0 8.93196
13.6525 0 8.80788
13.8851 0 8.68553
14.121 0 8.56496
14.36 0 8.4462
14.6022 0 8.32931
14.8476 0 8.21433
15.0962 0 8.1013
15.348 0 7.99028
15.6029 0 7.88131
15.8611 0 7.77443
16.1224 0 7.66969
16.3869 0 7.56713
16.6546 0 7.46681
16.9255 0 7.36877
17.1996 0 7.27305
17.2917 0 7.24167
17.57 0 7.14911
17.8514 0 7.0589
18.1359 0 6.97104
18.4232 0 6.88549
18.7133 0 6.80222
19.0061 0 6.72122
19.3016 0 6.64246
19.5995 0 6.56591
19.8998 0 6.49156
20.2025 0 6.41937
20.5074 0 6.34932
20.8143 0 6.28139
21.1233 0 6.21555
21.4342 0 6.15178
21.7469 0 6.09006
22.0613 0 6.03036
22.3774 0 5.97265
22.695 0 5.91692
23.014 0 5.86313
23.3343 0 5.81127
23.6558 0 5.7613
23.9785 0 5.71321
24.3021 0 5.66697
24.6268 0 5.62256
24.9522 0 5.57995
25.2784 0 5.53911
25.6052 0 5.50003
25.9325 0 5.46268
26.2603 0 5.42703
26.5884 0 5.39307
26.9168 0 5.36076
27.2453 0 5.33008
27.5738 0 5.301
27.6833 0 5.29167
28.0118 0 5.2647
28.34 0 5.23926
28.6679 0 5.21532
28.9952 0 5.19282
29.322 0 5.17173
29.6481 0 5.15201
29.9733 0 5.13361
30.2975 0 5.1165
30.6206 0 5.10062
30.9425 0 5.08594
31.2629 0 5.07242
31.5819 0 5.06001
31.8993 0 5.04868
32.2149 0 5.03838
32.5286 0 5.02906
32.8403 0 5.0207
33.1498 0 5.01324
33.4571 0 5.00664
33.762 0 5.00086
34.0643 0 4.99587
34.364 0 4.99161
34.661 0 4.98805
34.955 0 4.98514
35.2459 0 4.98284
35.5337 0 4.98112
35.8182 0 4.97992
36.0993 0 4.97922
36.3768 0 4.97895
36.6507 0 4.97909
36.9207 0 4.97959
37.1868 0 4.98041
37.4488 0 4.98151
37.7067 0 4.98284
37.7917 0 4.98333
38.0438 0 4.98493
38.2917 0 4.98674
38.5355 0 4.9888
38.7756 0 4.99115
39.0119 0 4.99381
39.2447 0 4.99684
39.4742 0 5.00025
39.7005 0 5.00409
39.9238 0 5.00839
40.1443 0 5.01318
40.3621 0 5.01851
40.5774 0 5.0244
40.7904 0 5.0309
41.0012 0 5.03803
41.21 0 5.04583
41.4171 0 5.05434
41.6225 0 5.06358
41.8264 0 5.07361
42.029 0 5.08445
42.2305 0 5.09613
42.431 0 5.1087
42.6307 0 5.12218
42.8298 0 5.13662
43.0285 0 5.15204
43.2268 0 5.16849
43.4251 0 5.18599
43.6234 0 5.20459
43.8219 0 5.22431
44.0209 0 5.2452
44.2204 0 5.26728
44.4206 0 5.2906
44.6218 0 5.31519
44.824 0 5.34107
44.8917 0 5.35
45.0955 0 5.37769
45.3006 0 5.40679
45.5066 0 5.43737
45.7135 0 5.46949
45.921 0 5.50323
46.1291 0 5.53863
46.3375 0 5.57578
46.5462 0 5.61473
46.7549 0 5.65555
46.9635 0 5.6983
47.1719 0 5.74305
47.3799 0 5.78986
47.5873 0 5.8388
47.7941 0 5.88994
47.9999 0 5.94332
48.2047 0 5.99904
48.4084 0 6.05714
48.6107 0 6.11769
48.8115 0 6.18075
49.0107 0 6.2464
49.208 0 6.31469
49.4035 0 6.3857
49.5968 0 6.45948
49.7878 0 6.5361
49.9764 0 6.61562
50.1625 0 6.69812
50.3458 0 6.78365
50.5262 0 6.87228
50.7036 0 6.96407
50.8778 0 7.0591
51.0486 0 7.15742
51.216 0 7.25909
51.3796 0 7.36419
51.4333 0 7.4
51.5919 0 7.50976
51.7466 0 7.62304
51.8973 0 7.73987
52.0442 0 7.86027
52.1871 0 7.98424
52.3261 0 8.11181
52.4611 0 8.243
52.5921 0 8.37782
52.7191 0 8.51629
52.8421 0 8.65843
52.9611 0 8.80425
53.076 0 8.95377
53.1869 0 9.10702
53.2937 0 9.26401
53.3964 0 9.42475
53.4949 0 9.58926
53.5894 0 9.75757
53.6796 0 9.92968
53.7658 0 10.1056
53.8477 0 10.2854
53.9255 0 10.469
53.999 0 10.6566
54.0684 0 10.848
54.1334 0 11.0433
54.1943 0 11.2426
54.2508 0 11.4458
54.3031 0 11.653
54.351 0 11.8641
54.3946 0 12.0793
54.4339 0 12.2985
54.4689 0 12.5217
54.4994 0 12.749
